180.417
180.417
180.417
180.417
176
174.167
172.083
170.083
147.583
127
106.167
85.3333
71.1667
57.0833
42.6667
28.5833
26
23.4167
21.1667
18.5833
-1.16667
-20.3333
-39.5
-58.5
-66.6667
-71.6667
-77.3333
-82.0833
-85.5
-90.9167
-96.9167
-102.417
-111
-122.083
-133
-144
-138.333
-134.917
-131.833
-128.583
-129.75
-131.75
-133.75
-135.833
-131.333
-126.083
-120.833
-115.583
-107.333
-100.75
-94.5
-87.75
-88.1667
-87
-86.5833
-85.5
-84.0833
-83.6667
-83.3333
-83
-87.75
-90.1667
-93.5
-95.9167
-98
-97.5833
-97.1667
-96.75
-90.0833
-87.0833
-84.6667
-81.3333
-83.3333
-83.6667
-84.1667
-84.5833
-86.5
-86.9167
-87.25
-87.8333
-83.1667
-78.1667
-73.1667
-68.5
-63.1667
-59.4167
-55.6667
-51.9167
-56.25
-57.75
-60.3333
-62
-69.1667
-73.0833
-77.25
-81.4167
-71.0833
-65
-59.6667
-53.5833
-52.5
-52.0833
-51.6667
-51.25
-57.75
-60.1667
-62.5833
-65
-59.25
-56.9167
-54.4167
-51.9167
-47.0833
-44
-40.5833
-37.3333
-43.5
-45.4167
-48.25
-50.4167
-49.4167
-49.5833
-49.5833
-49.5833
-43.25
-38.3333
-33.3333
-28.25
-32.1667
-37.4167
-42.6667
-47.9167
-51.6667
-52.0833
-52.3333
-52.8333
-46
-40.75
-35.3333
-30
-34.5
-36.5
-38.5833
-40.5833
-45.5
-46.3333
-47.25
-48
-48.0833
-48.9167
-50.4167
-51.5
-59.0833
-58.9167
-58.4167
-64.5833
-67.4167
-67
-65.4167
-66.5833
-68.5
-66
-69.5833
-72.5
-68.0833
-69.6667
-74.75
-72.25
-71.5833
-72.25
-76.3333
-78.9167
-71.5833
-69.9167
-72.9167
-73.3333
-79.25
-80.0833
-76.9167
-76.5
-78.4167
-88.1667
-88.9167
-82.9167
-76.9167
-76.5
-79.75
-78.0833
-71.6667
-71.25
-72.4167
-70.4167
-73.6667
-80.1667
-85.75
-86.5833
-83.6667
-85
-87.75
-90.75
-80.8333
-76.5833
-73.0833
-68.9167
-71.9167
-80.8333
-83.6667
-77.25
-66.75
-61.0833
-54.9167
-49.6667
-47.5
-46.75
-49.25
-53.8333
-49
-40.5833
-33.75
-33
-22.5
-11.25
5.75
-2.41667
-11
14.75
54.8333
83.8333
114.333
165.25
202.5
213.083
230.5
271.667
311.083
308.667
272.583
231.5
194
173.75
159.75
118.833
75.6667
63.5
58.0833
48.9167
49.25
48.8333
32.6667
6.91667
-4
-0.75
-17.8333
-48.75
-51.4167
-28
-20.3333
-31.5
-50.3333
-67.5833
-71.6667
-63.75
-70.3333
-78.1667
-70
-66.75
-86.9167
-99.1667
-87.75
-70.4167
-54.1667
-48.4167
-56.25
-47.5833
-28.5
-45
-60.5833
-30.0833
-34.25
-33.3333
-33.6667
-35.3333
-42.75
-44
-52.1667
-61.8333
-58.1667
-54.9167
-54.0833
-54.75
-48.9167
-43.0833
-35.25
-28.0833
-35
-39.5833
-43.5
-42.4167
-39.4167
-37.8333
-42.3333
-48.5
-54.5833
-58.5
-55.6667
-49.5833
-39.75
-34.5
-26.9167
-17.8333
-19.8333
-18.25
-15.5
-15.75
-11.75
-5.16667
-3.66667
-2.91667
-0.666667
3.91667
-0.916667
-0.416667
7.91667
11.4167
15
16.6667
20
11.6667
5.25
7.16667
20.75
28.4167
28
33.3333
37.75
38.5833
40.3333
38.1667
33.8333
31.8333
31.5833
30
36.0833
37.6667
40.25
45.5833
54.5
60.5833
62.25
63.4167
54.4167
53.5833
48
37.0833
42.6667
49.25
57.3333
66.6667
59.0833
52.4167
41.9167
27.25
33
38.4167
43.75
45
37.0833
31.3333
26.9167
20.4167
15.9167
9.75
6.25
3
-0.75
-0.75
-1.16667
-0.833333
23.0833
19.9167
17.1667
11.4167
9.5
8.25
6.83333
5.66667
1.66667
3.75
7.25
11.4167
14.25
15.8333
19.8333
25.0833
22.3333
23.5833
27.6667
24.4167
21.1667
23.4167
20.9167
15.4167
24.8333
34.1667
41.5833
46.25
44.3333
44
41.25
33.75
26.8333
25.4167
24.4167
28.0833
32.8333
30.5833
21.9167
22.3333
20.4167
19.4167
15.4167
7.41667
10.5
11.75
10.0833
6.83333
13.4167
15.4167
14.25
14
19.8333
26.3333
28.4167
28
17.9167
15.5
12.4167
8.25
7
3.41667
-7.83333
-11.8333
-0.583333
4.33333
5.25
7.41667
6.41667
6.41667
6.08333
2.75
4.08333
6.58333
14.75
22
4.41667
17.5833
25
8.91667
54.6667
129.667
134.167
90.6667
100.917
172
230.917
266
307.5
325.75
308.167
281.75
264.75
259.417
244.5
221.583
202.167
164.75
125.25
124.5
131.667
151
178.167
172.75
134.167
89.5
62.25
56
65.9167
78.75
71.6667
52.75
51.5833
60.1667
53.9167
25.25
-0.75
-12.3333
-19.0833
-23.8333
-30
-38.1667
-43.1667
-29.3333
-16.25
-13
-28.8333
-41
-37.8333
-44.6667
-37.75
-5.58333
14.25
19.9167
21.25
22.75
27.6667
30.8333
32.9167
32.1667
36.5833
34.5
30.0833
31.3333
35.5
37.1667
37.1667
44.1667
50.3333
59
66.5
64.4167
62.4167
61.0833
64.1667
76.5
82.5833
82.5833
81
79
76.4167
81
88.5833
90.4167
87.5
86.9167
88.5833
84.0833
85.6667
88.5833
88.25
96.4167
105.25
109.5
112.75
109.417
107.417
96
89.9167
97.8333
102.5
107.083
109.417
105.333
94.8333
85.8333
85.25
95.25
100.167
96.75
99.1667
97.6667
95.6667
94.9167
90.4167
89.5
87.8333
88.75
87.8333
81.3333
73.5833
66.6667
62.5833
72.9167
77.75
78.5
78.8333
76.9167
82.1667
82.5
77.5833
75.5
78.5833
82.5833
88
96
99.5
99.25
94.75
97.25
99.25
101.583
99.9167
95.25
92.3333
90.75
87
84.5833
80.5
78
76.9167
69.5833
66.9167
63.4167
61.0833
61.75
67.0833
77.5833
88.25
78.0833
69.5833
66.8333
66.4167
72.4167
75.4167
70.8333
75.1667
64.1667
45.0833
36.0833
35.8333
36.5
33.6667
37.8333
43.4167
39.9167
37.9167
38.25
35.8333
39.5833
43.5
45.5833
44
36.1667
30.4167
26.75
22.3333
12.3333
0.583333
7.41667
16.1667
23.5
30.0833
37.5
32.5833
31.3333
31.6667
32.5
29.75
27.25
27.25
28.4167
30.8333
35
41.8333
41.5
45.0833
49.25
49.5
46.3333
52.8333
58.5
62.6667
63.5
66.4167
69.1667
69.5833
65.6667
63.9167
63.9167
64.0833
68.6667
70.75
68.5833
60.25
61.5833
63.9167
63.4167
59.6667
52
53.5833
54.1667
51.5833
47.5833
45
42.9167
37.4167
33.3333
39
44.3333
45.1667
43.4167
35.3333
34.9167
33.4167
31
39.8333
41.4167
36.5
37.75
45.0833
49.8333
51.4167
53.6667
51.5833
53
53.6667
51.6667
38.25
32.5
32.5
31.6667
30.5
63.75
73.25
79.8333
117.167
152.5
138.25
140.25
190.25
229.75
271.583
328.667
368.417
356.5
303.333
260.667
246.833
245.833
237
215.833
188.25
185.833
193.5
159.417
159.5
221.583
231.75
184.25
158.833
137.333
107
82.1667
83.0833
100.917
102.333
80.4167
67.0833
87.8333
90.75
60.9167
31.8333
13.0833
0.333333
-4.5
-7.16667
4.08333
39.75
63.4167
41.4167
13.9167
14.25
15.75
14.8333
40.5833
51.75
34.25
49.0833
85.9167
79.8333
66.8333
60.0833
52.0833
43.5833
43.5
47.3333
44.3333
39.0833
40.25
43.4167
44.3333
43.5
48
51.25
56.5833
61.3333
64.6667
65.5833
67.0833
73.1667
87.4167
93.75
94.6667
93.9167
89
87
91.3333
99.25
102.083
100.417
101.667
104.167
100.833
101.167
102.917
101.25
102.167
108.583
109.75
110.167
108.667
110.5
102.833
101.25
109.75
113.083
116.167
117.583
119.167
108.583
100.333
99.9167
107.833
113.083
110.667
113.167
119.917
121.583
124.5
123.667
118.833
116.333
115.917
113.833
117.333
115.167
113.917
115.5
126.917
134.583
137.833
140.667
143.083
149.75
150.833
147.667
145.167
145.167
146.333
149.667
150.417
150.167
145.583
137.083
134.583
134.333
133.917
130.167
134.25
134.75
136.25
135.917
127.167
119.583
114.333
109.583
117.833
108
92.4167
98.5833
94.0833
92
89.9167
88.0833
79.6667
76
73.9167
72.5
70
68.75
70
72.3333
67.4167
67.6667
70.3333
65.8333
62.25
63.8333
61.9167
56.1667
52.1667
52.8333
52
47.9167
44.4167
44.75
42.4167
36.0833
31.4167
30.5
29.75
32.9167
37.5
36.1667
28.9167
30.5
35.9167
38.1667
37.3333
32.5
36.5833
38.6667
38.25
36.25
41.75
42.9167
41
39.9167
41.0833
44.25
42.5
39.5
40.9167
44.75
47.75
49.5833
46.5
39.6667
26.0833
19.25
32
40.25
45.0833
50.5
45.0833
44.75
43.9167
40.1667
35.75
35.8333
41.3333
45.5833
60.5833
62.25
50.3333
38.25
40.6667
60.6667
76.5
86.75
110.75
130.5
142.25
179.75
217.917
241.25
285.5
342
358.167
336.667
289.833
238.583
214.167
211
215.667
200.833
160.917
154.833
159.417
137.167
122.083
106.583
53.25
17.9167
32.4167
32.5
16.25
14.6667
1.25
13.8333
41.1667
33.25
26.8333
27.5833
-20.6667
-57.4167
-36.5833
-26.8333
-35.8333
-31.6667
-25.25
-24.3333
-28.0833
-25.5833
-7.75
-19.5833
-41.8333
-16.4167
7.66667
0.416667
-0.75
-4.5
-3.25
-3.25
-4.58333
2.83333
9.75
10.0833
8.08333
5.25
6.08333
4.33333
1.16667
-2.58333
-2.58333
-0.333333
0.416667
0.416667
0.416667
0.833333
6.41667
16.6667
19.9167
17.1667
13.5833
19
21.0833
29.75
41.3333
29
17.5833
8.5
1.66667
12.6667
23.1667
35.3333
44.4167
43.9167
48.3333
48
46.75
48.9167
50.4167
42.75
40.3333
47.25
51.3333
54.8333
57.4167
73.25
75.0833
79.9167
91.75
94.25
95.1667
87.8333
85.4167
85.5
83.4167
82.5
78.0833
82.25
81.3333
82.5833
83
83.8333
80.8333
78.8333
79.75
79.75
79.0833
74.5833
69.9167
72.25
79.6667
81.8333
79.3333
68
66.3333
65.8333
66.6667
64.6667
62.9167
56.9167
47.5
52.0833
53.6667
55.8333
53.9167
45.1667
41.0833
38
32.5833
21.5833
13.0833
7
1.25
-5.16667
-6.41667
-8.08333
-9
-11.3333
-9.25
-1.16667
6.08333
-5.75
-14.4167
-17.0833
-17.5
-10.5
-7.75
-12.1667
-7.75
-9.75
-22.4167
-24.8333
-18.75
-21.9167
-26.5
-23.9167
-19.8333
-28.4167
-32.1667
-33.8333
-37.4167
-40.75
-37.75
-36.9167
-39.75
-35.8333
-32.9167
-28.8333
-24.8333
-25.9167
-26.8333
-32.9167
-39.25
-44.75
-51.1667
-57.5
-62.25
-61
-62.25
-56.1667
-55.4167
-55.0833
-57.8333
-60
-65
-59
-58.5
-57
-56.1667
-55.3333
-54.5
-49.25
-44.25
-37.9167
-31
-36.25
-38.75
-38.6667
-37.4167
-37.4167
-35.0833
-30.25
-31.8333
-31.6667
-28.9167
-29.75
-34.1667
-35.5833
-32.6667
-31.3333
-33.4167
-27.1667
-22.75
-20.6667
-23.25
-31.6667
-33.75
-35.4167
-33
-23.5833
-22.3333
-27.4167
-23.1667
-19.9167
-18.8333
-20.75
-26.8333
-20.8333
-18.3333
-18.25
-19.8333
-27.0833
-34.1667
-44.3333
-53.6667
-45.25
-37.75
-35
-34.6667
-46.6667
-50.3333
-55.1667
-60.1667
-52.8333
-53.6667
-61.6667
-62.9167
-64.6667
-63.75
-66.25
-68.3333
-66.75
-63.5
-61.4167
-61.5833
-62.9167
-61.75
-54.9167
-49.5833
-29.8333
-40.3333
-49.4167
-49.6667
-26.0833
6.91667
24.4167
37
64.1667
98.9167
138.25
188.75
223.667
237.833
244.833
236.167
212.917
174.833
134.667
130.583
124.083
89.8333
51.25
51.25
60.9167
53.4167
48
39.5
13
-20.3333
-48.3333
-51.25
-45.6667
-56.1667
-66.0833
-62.6667
-54.9167
-54.5833
-75.0833
-96.75
-106.5
-117.083
-126.333
-132.25
-144.75
-154.583
-144.917
-132.583
-146.333
-164.25
-165.333
-139.5
-128.083
-151.333
-168.75
-157.667
-145.083
-125.833
-102.5
-115.167
-119.667
-125.25
-132.25
-129.917
-124.417
-125.667
-129.417
-124.417
-120
-118
-117.583
-112.583
-108.167
-101.75
-96.25
-102.083
-106.917
-111.333
-111.333
-104.583
-99.6667
-100.833
-103.75
-106
-109
-105.25
-98.3333
-90.3333
-91.5833
-90
-87.1667
-90.3333
-89
-86.6667
-87.4167
-86.5
-80.0833
-78.4167
-77.5833
-76.4167
-73.9167
-80.9167
-82.5833
-82.5833
-80.5833
-78.8333
-78.3333
-72.75
-78.5
-81.8333
-77.3333
-72.6667
-70.0833
-74.75
-74.75
-83
-89.0833
-94
-102.667
-75.25
-46.25
-15.25
14.6667
29.75
37.75
47.25
59.3333
57.3333
57.1667
53
48.75
46.8333
52.0833
52.5
47.5
48.5
50.1667
53
57
48.75
42.5833
32.1667
18.25
32.5
42.4167
52.4167
58.5
55.5
51.75
49.25
44.6667
41.75
36.5833
33.8333
31.25
30.5
33.4167
35.9167
39.1667
37.9167
38.6667
45.6667
51.5833
35.5
21.6667
13
7.66667
19.0833
27.25
27.6667
37.8333
29.5833
14.25
8.83333
12.1667
11.25
7.66667
11.5
15.75
8.16667
4.5
2.75
-0.916667
-5.58333
-3.66667
-3.66667
-7.16667
-1.16667
1.33333
5
8.41667
8.25
-7.41667
-13.0833
-18
-22.75
-27.6667
-33
-32
-30.25
-26.9167
-27.5833
-28.6667
-27.25
-24.5
-26.0833
-23.6667
-18.75
-20.4167
-23.6667
-22.4167
-25.6667
-31.75
-28.8333
-23.5833
-19.8333
-19.4167
-14.75
-7.25
-2.33333
-2.08333
-1.91667
0.5
3.25
10.3333
6.08333
-0.416667
-13.3333
-16.6667
-4.41667
2.5
6.16667
5.58333
8.66667
11.6667
11.75
11
5.33333
1.58333
-5.66667
-11.4167
-4.41667
4.33333
8.58333
10.9167
2.33333
0.75
-1.75
-4.83333
-2.91667
-5.58333
-15.1667
-18.3333
-16.25
-14.25
-15.5
-16.25
-10.1667
-4.16667
0.75
3.58333
-4.58333
-5.66667
-1.16667
2.58333
11.75
30.5
6.66667
-23.5833
-6.5
13.4167
-5.75
2.08333
63.3333
106.917
112.167
136.583
188.75
234.5
274.083
307.083
306.917
291.167
277.667
241.917
201.333
183.25
176.583
164.5
115.583
48.5
34.1667
62.0833
67.5833
34.8333
-3.75
-25.25
-36.5833
-25.3333
-7.33333
-17.75
-31.3333
-17.8333
1.25
3.25
-15.5
-29.25
-36.3333
-59.75
-75.5833
-79.8333
-87.1667
-91.0833
-79.5
-55.3333
-49.9167
-70.5
-85.75
-79
-61.25
-53.5
-55
-43.5833
-22.8333
-28.4167
-30.1667
-32.8333
-36.8333
-32.9167
-27.75
-29.25
-32.6667
-35.8333
-35.3333
-38.25
-41.9167
-31.5833
-24.4167
-15.1667
-7
-21.0833
-31.3333
-41.0833
-46.4167
-29.3333
-19
-14.6667
-11.9167
-16.4167
-18.6667
-14.6667
-7.41667
-11.4167
-16
-17.9167
-17.9167
-7.66667
-1.16667
6.83333
11.9167
13.9167
20.75
22.4167
24.0833
16.75
10.6667
-5.33333
-15
1.41667
14.75
27.25
38.5833
37.3333
25.5
16.3333
14.75
19.5
21.0833
15.0833
13.8333
16.75
19.0833
22.25
22.75
27
26.8333
29.3333
30.0833
24.25
19.9167
16.6667
16.25
15
17.5833
15.5
12.9167
5.83333
7.33333
3.91667
-4.5
-1.75
3.66667
10.4167
18.8333
13.3333
10.9167
4.33333
-6
-10.8333
-13
-15.0833
-21.1667
-22.25
-22.4167
-21.5833
-22
-24.25
-29.3333
-31.5833
-33.8333
-45.1667
-49.6667
-54.4167
-57.75
-61.3333
-60.5833
-53.75
-47.6667
-53.25
-59.6667
-60.9167
-59
-68
-74.4167
-88.5
-93.1667
-94.6667
-106.917
-109
-102.5
-97.9167
-96.1667
-87.5833
-77.75
-78.8333
-79.3333
-77.75
-78
-69.5833
-59
-50.25
-45.4167
-21.0833
4.58333
32.1667
58.9167
67.4167
76.3333
79.25
82.9167
88.0833
90.25
92.4167
96.3333
92.4167
89.0833
93.1667
91.8333
93.5
92.5833
92.5833
89.5
93.5
98.8333
100.833
99.5833
96.8333
103.167
110.75
109.833
110.667
109.333
108.083
107.417
98.4167
103.583
126.917
125
124.417
124
123.583
118.333
117.5
118
119.667
113
107.583
104.917
104
106.5
112.167
120.417
121.167
125.333
127.333
125.667
120.333
123.25
127.75
130.083
129.167
127.5
129.417
128.583
123.333
112.25
108.583
105.417
106.167
107.833
103.5
93.5833
92.3333
104.583
110.667
112.75
111.5
109.833
110.333
108.25
104.417
112.333
114.833
113.5
113.917
106.25
102.083
93.5
82.5
75.1667
74.75
73.5833
71.75
79
78
70.6667
69.5
77.75
81.6667
82.4167
83.75
84.6667
86.9167
88.8333
88.0833
76.0833
71.5833
72.8333
72.4167
79.1667
79.25
75
75.4167
98.4167
124.917
149.667
169.583
196.833
234.583
276.5
324.583
358.5
370.333
374.083
368.917
355.917
340.083
291.5
254.917
249.25
226.5
178.833
163.5
174
168.75
163.5
164.75
148.75
112.167
91.4167
103.167
121.167
108.167
89.5833
91.8333
101.167
93.5833
79.3333
65.75
50.4167
40.0833
33
24.0833
17.25
25.1667
49.6667
65.1667
49
44.9167
60.5
72.8333
63.9167
50.4167
45.0833
60.25
115.833
178.5
185.417
182.917
186.167
187.833
188.167
186.583
189.667
185.333
179.75
175.75
176.833
174.833
172.083
180.25
185.417
192.833
199.75
192.5
186.75
182
181.417
187.333
190.583
187.833
183.417
178.417
175.667
179.167
186.083
178.5
170.333
164.583
160.25
168.417
174.333
182.25
186.667
181
182.583
178.833
175.25
184.25
191.833
190.25
194
194.083
194.417
194.833
193.417
205.667
203.917
204.25
212.25
213.833
215.333
209.417
208.167
213.167
215.25
218.083
217.25
215.167
213.833
215.167
214.667
206.667
200.5
195.083
193.5
195.583
197.25
194.75
192
193.083
200.917
203.417
200.5
187.917
184.25
182.25
181.5
181
180.25
175.333
166.417
170.083
171.583
173.167
170.917
176.417
179.25
183.417
185.333
171.583
160.167
151.333
142.833
146
148.833
151.333
154.417
141.167
136.333
136.75
137.083
133.417
129.583
131.25
135.583
137.833
137.833
130.417
132.083
130.667
120.75
121.167
130.083
121.5
112.667
111.083
110.25
112.417
115
119.833
121.917
119.5
122.25
123.167
120.417
119.083
118.333
119.583
119.917
114.667
112.25
104.667
96.8333
83.5833
89.5
94.3333
92.75
92.75
92.75
92.75
81.75
79.3333
78
77.25
78.8333
76.9167
77.1667
79.6667
72.75
73.25
76.5
72.4167
74.3333
77.8333
76.5
72.5
68.3333
68.3333
66.0833
61.75
56
56.1667
53.25
46.8333
53.25
57.4167
61.3333
70.3333
81.25
85
82.5833
89.0833
94.6667
96.75
95.5
90.3333
93.9167
96.3333
95.9167
94
96.4167
95.0833
90.6667
87
78.9167
77.6667
71.5
63.8333
70.0833
76.4167
82.1667
86.8333
85.4167
80.6667
69.0833
63.75
68.6667
72
72
72.5
63.4167
60.9167
57.3333
51.6667
42.6667
41.4167
46.4167
49.6667
59.9167
67.0833
100.083
105.75
90.25
88.9167
85.25
95.5
152.333
197.917
206.5
230.167
279
314.417
343.25
392.5
415.083
368.333
320
305.5
281.25
255.167
242.333
207.333
145.5
118.25
128.583
119
104.083
126
117.5
52
26.9167
55.9167
65.9167
55.4167
52.4167
37.3333
8.5
14.5833
36.75
28.5
-2.08333
-22.4167
-16.25
-0.666667
6.5
16.25
3
-25.25
-6.83333
32
16.5833
-21.1667
-27.25
-3.25
19.1667
11
-8.25
-2.5
6.41667
14.3333
20.5833
26.5
35
36.5
36.6667
35
36
34
31.3333
28
28.5
30.75
32
32.9167
30.4167
28.9167
31.6667
48.3333
56.5
59
59.8333
52.8333
47.25
48.4167
52.9167
55.3333
54.75
56.9167
60.0833
68.3333
77.5833
88.0833
95.5
88.9167
90.5833
87
83.25
92.25
97.6667
93.0833
94.6667
105.333
110.667
115.917
119.25
119.5
110.917
104
105.667
124.5
135.75
139.583
147.917
143.083
140.333
138.25
132.583
130.5
129.25
130.083
129.333
125.167
118.25
112.333
109
121.5
129.667
133.25
137.417
141.917
147.917
148.667
145.083
131.333
125.583
121.75
118.75
122.833
125.667
124.417
119.167
122.75
123.667
124.417
121.25
121.75
120.917
121.25
119.583
107
95.1667
85.75
76.9167
83.3333
89.6667
95.0833
101.667
96.75
96.1667
102.083
107
90.6667
80
74.9167
72
70.4167
71.1667
64.3333
66.3333
70.6667
61.25
62.1667
71.6667
74.6667
72.75
78.1667
84.1667
78.3333
76.1667
76.1667
73.3333
60.4167
57.9167
53.75
45.5833
51.3333
53.25
56.5
59.8333
67.6667
52.75
57.75
59.4167
61.0833
62.6667
60.1667
61.4167
64.25
67.5
62.4167
58.9167
57.75
57.8333
52.8333
52.0833
53.6667
48.75
50.4167
54.1667
53.3333
49.6667
47.5833
50.3333
51.3333
49.5
54
60
63.4167
63.0833
55.8333
53.25
50.75
53.25
55.6667
52.4167
43.0833
42.75
53.75
59.5
61.8333
60.3333
64.75
65.6667
63.8333
60.5833
59
56.9167
51.5833
47.0833
54.5
59.6667
60.75
59
48.75
47.1667
44.75
41.5
49.9167
51.1667
46
46.5833
44.75
43.5833
39
34.8333
35.3333
36.5833
36.6667
34.5833
34.5833
35.8333
42.75
48.75
41.8333
29.75
41.4167
84.5833
112.25
105.167
94.3333
123.833
177.25
218.417
262.833
305.917
328.5
325.917
306.667
278.5
254
236
231.417
227.417
191.667
160.75
182.083
197.583
178.917
190
215.5
203.75
163.583
113.75
81.8333
96.8333
121.083
108.833
86.25
100
95.5833
63.5833
58.1667
72.4167
64.3333
26.9167
9.33333
6
1.58333
-2.41667
-4.08333
10.5833
29.1667
9
-23.0833
-15.8333
4.41667
11.25
16.75
31.8333
26.3333
22.3333
48.8333
41.0833
40.5833
38.9167
36.0833
33
35
30.3333
23.5833
33.4167
42.5833
49
54.0833
55.4167
57
61.0833
63.9167
57
52.4167
48.5833
49.5833
62.5833
70.4167
72.3333
72.75
70.75
67.4167
71.1667
77.9167
76
71
69.1667
68.25
76.1667
81.0833
86.9167
90.75
87.5
91.5833
90.25
88.9167
88.6667
90.3333
82.0833
79.25
82.9167
85.4167
87.8333
88.25
96.0833
91.5
88.5833
94.3333
107.583
113.833
112.333
115.667
111
108.583
107.083
102.417
96.75
91
87.8333
83
87.75
86.6667
86.3333
88.5833
90.1667
91.4167
88.25
85.4167
87.3333
94.3333
95.9167
92.25
85.5
83.3333
82.5833
83.8333
96.25
105.417
110.167
111
105.333
101.583
98.3333
90.9167
95.25
97.1667
100.5
101.667
95.25
87.9167
83.0833
78.4167
76.4167
76.4167
76.0833
76.5833
72.1667
60.5833
74.75
92.75
86.0833
82.3333
78.1667
74.0833
67.4167
65.5
64.6667
65
65.0833
63.0833
63.4167
65.25
57.3333
54.4167
54.4167
47.0833
47.5833
48.4167
45.5
39
40.6667
44.9167
47.25
46.5
46.3333
47.1667
45.1667
39.5833
34.0833
32.8333
31.5833
35.3333
26
15.8333
-1
-7.5
4.41667
9.66667
11.75
9.83333
8.5
8.5
5.66667
1.91667
-3.83333
-7.25
-14.75
-21.1667
-15.5833
-9.33333
-8.25
-8.66667
-19.25
-21.9167
-26
-30.0833
-25.5833
-26.75
-35.3333
-36.9167
-26.9167
-21.6667
-19.5833
-17.0833
-11.0833
-4.16667
2.41667
6.16667
-1.58333
-4.08333
-0.833333
0.833333
-2.08333
-8.58333
4.91667
11.4167
11.5
32.9167
79.6667
115
119.667
125.583
153
183.833
222.083
269.583
294.417
277.75
224.917
173.917
164.583
187.417
184.25
155.75
128.417
93.6667
82.1667
103.667
85.25
23.25
-2.33333
-7.33333
-7.91667
13.8333
24.5
-11.5
-47.3333
-45.4167
-36.0833
-22.6667
-15.75
-24.3333
-36.5
-48.0833
-57.25
-72.8333
-84.6667
-73.1667
-55.3333
-55.1667
-69.9167
-84.5
-94.6667
-82.6667
-54.75
-33.3333
-47.4167
-69.0833
-65.5
-45.9167
-26.8333
-27.5
-26.75
-27.25
-28.9167
-36.25
-35.8333
-42.3333
-50.5833
-44.3333
-39.5
-37.1667
-36.25
-42.4167
-46.5
-48.25
-50.9167
-45.5833
-45.1667
-44
-38.25
-31.4167
-28.1667
-30.5
-34.5833
-33
-35.75
-32
-24.3333
-17.5833
-17.5
-15.0833
-11.5
-12.3333
-11.1667
-8.08333
-8.5
-9.33333
-6.08333
-8.25
-11
-1.66667
4.83333
2
4.41667
3.33333
4.08333
4.41667
3.66667
15.8333
13.4167
13.3333
21.1667
30.9167
34.9167
30.9167
32.5833
26.75
22.3333
19.1667
12.25
22.4167
29.4167
38.4167
45.5833
36.1667
27.3333
19.0833
13.8333
26.0833
33.9167
37
40.5
39.5
43.1667
42
35.4167
24.5
22.3333
22
22.75
26.9167
28.8333
26.8333
20.6667
17.75
15.5833
13.9167
8
0.5
-4.41667
-8.08333
-13.8333
-8.91667
-9
-6.58333
-3.75
-14.9167
-19.25
-23.9167
-27.5833
-32.5833
-31.3333
-24
-17.5
-21.1667
-25.75
-24.5
-20.75
-20.4167
-21.5833
-30
-29.8333
-27.3333
-35.4167
-33.1667
-22.75
-33
-40.9167
-41.75
-41.75
-38.9167
-38.5
-36.0833
-35.6667
-44
-41.25
-40.3333
-43.25
-44.3333
-46
-45.5
-45.8333
-45.5833
-43
-46
-48.75
-57
-63.4167
-69.9167
-74.3333
-70.6667
-69.6667
-60.9167
-57.75
-64.25
-67.4167
-70.3333
-76.5
-55.75
-63
-64.6667
-51.0833
-54
-55.25
-56.4167
-57.5833
-61.4167
-59.75
-56.9167
-53.6667
-48.3333
-48.3333
-46
-42.3333
-39.5833
-35.9167
-29.6667
-30
-32.8333
-31.1667
-33.25
-39
-30.0833
-24.3333
-20.8333
-19.5
-14.25
-9
-6.58333
-8.58333
-5.91667
-3.66667
-0.75
6.25
2.58333
-4.58333
-17.9167
-22.3333
-8
-0.75
3.33333
3.16667
0.75
1.33333
-0.833333
-4.5
1.58333
1.58333
-1.58333
-4.16667
-8.16667
-6.91667
-10.5833
-16.75
-19.0833
-14.5833
-10.9167
-8.25
-9.66667
-16.25
-29.4167
-36.25
-32.5833
-30.5
-31.6667
-32.5
-40.3333
-42.3333
-44.75
-50.0833
-50.4167
-49.5833
-43.0833
-37.5
-39.5833
-23.1667
-10.5
4.91667
32.5
46.8333
62.5833
100.417
139.083
161.417
192.75
228.5
250.417
255.083
245.583
233.917
216.833
185.333
171.083
178.417
159.833
127.25
126.083
130.917
125.167
150.917
174
130.583
70.8333
52
48.4167
48.75
52.8333
45.4167
22
18.8333
24.9167
21.25
11.8333
-9.08333
-41.5
-63.5833
-75.1667
-89.9167
-101.583
-107.333
-105.917
-95.1667
-83.75
-74
-75.25
-76.8333
-71.1667
-56.9167
-55.75
-60.0833
-41.8333
-28.8333
-51.3333
-57.5
-58.5
-60.9167
-63.8333
-56.9167
-48.9167
-47.1667
-47.8333
-52.3333
-52.4167
-55.5833
-59.6667
-70.4167
-75.5833
-78.5833
-82.5
-76.5
-73.5
-70.3333
-61.8333
-50.8333
-45.0833
-45.1667
-46.6667
-54
-58.5
-56.5
-51.1667
-44.75
-45.1667
-42.75
-39.0833
-47.3333
-53.3333
-57.9167
-65.4167
-56.3333
-45.75
-40.3333
-35.4167
-33.5
-31
-38.3333
-40.3333
-32.8333
-27.5833
-22.6667
-20
-20.0833
-29.6667
-36.9167
-36.5833
-21.5833
-14.6667
-15.5
-11.3333
-16.75
-21.5833
-25.25
-32.5833
-23.5833
-19.4167
-12.9167
-8.16667
-12.1667
-16.6667
-20.3333
-21.25
-25.3333
-26.4167
-32.0833
-37.3333
-25.3333
-10.5
-1.25
3.66667
-2.08333
-1.25
0.833333
5
-0.75
-5.16667
-13.8333
-26.3333
-23.5
-20.25
-17.0833
-17.1667
-19.1667
-20.75
-21.1667
-23.6667
-21.6667
-22.9167
-22.4167
-20.8333
-30.9167
-34.9167
-39
-42.3333
-50.75
-52.4167
-48.9167
-45.0833
-46.3333
-49.1667
-46.9167
-41.1667
-47.1667
-50.9167
-61.9167
-63.75
-60.6667
-69.5833
-68.4167
-58.5
-66.3333
-73.8333
-74.25
-72.9167
-82.9167
-88.25
-91
-96.6667
-88.6667
-76.8333
-67.1667
-61.25
-95.1667
-83.4167
-87.25
-99.5833
-98.3333
-90.3333
-87
-84.5
-81.3333
-78.0833
-75.1667
-70.75
-65.8333
-76.0833
-82.5
-86.5
-89.4167
-84.1667
-77.4167
-67.5
-65
-69.5833
-68.8333
-71.6667
-78.1667
-73.75
-70.0833
-67.8333
-69.1667
-70.4167
-68.25
-69
-73.6667
-70.75
-67.1667
-63.5
-54.9167
-44
-42.75
-47.75
-43.5
-48.3333
-52.9167
-60.6667
-72.3333
-65
-61.5
-60.25
-60.5
-55.25
-53.6667
-55.4167
-56.25
-63.0833
-66.1667
-74
-84.25
-80.9167
-74.9167
-70
-65.8333
-69.6667
-74.1667
-84.8333
-89.8333
-83.5
-80.3333
-80.1667
-79.75
-77.5833
-74.9167
-72.4167
-72.8333
-79.5833
-81.1667
-77.1667
-74.0833
-95.4167
-76.9167
-40.75
-15.5
0.833333
39.4167
69.8333
69.5
91
134.75
172.333
209.083
254.5
302.167
329.25
321.833
280.333
256.25
273.083
263.833
209.5
188.167
186.333
152.083
128.583
119
112.167
110.333
100.833
70
24
3.16667
37.3333
69.25
43
-6.58333
-4.33333
22.8333
32.0833
34.9167
36.6667
17
-17.5
-39.5
-51.3333
-57.8333
-48.8333
-32.5
-34.3333
-52
-45.1667
-16.6667
-20.6667
-53.75
-58.0833
-25.0833
-3.75
-6.91667
-8.91667
-14.0833
-16.25
-19.5833
-24
-14.75
-6.41667
-5.25
-5.58333
-11.3333
-13.5
-17.9167
-24
-19.5
-15.5
-9.08333
-3.75
-12.5833
-18.3333
-23.5833
-24.4167
-9.25
-0.416667
2.5
3.66667
-6.41667
-12.25
-11.25
-6.58333
-3.25
-2.83333
0
4.75
6
8.5
12.25
12.6667
10.0833
13.25
11.6667
9.33333
6.91667
8.25
0
-2.91667
14.6667
26
37.4167
46.8333
46.4167
36
27.5
27.75
35
40.5
38.3333
40.6667
33.75
28
23.1667
15.4167
23.1667
26.8333
32.5833
37.4167
38.9167
36.1667
34.5833
35.8333
33.75
33.75
29.25
25.25
26.0833
32.6667
33.8333
30.5
25.25
26.5
28.9167
33.3333
33.75
33
27.5833
19.0833
22.8333
24.5
25.8333
24.3333
23.5833
21.6667
20.9167
18.0833
15
11.3333
10.0833
9.25
7
6.58333
6.25
6.58333
-8.16667
-15.1667
-16
-17.5833
-20.75
-27.1667
-27.9167
-26.3333
-24.75
-23.25
-28.9167
-25.5833
-24
-34.5
-34.9167
-26.75
-26.5
-30.5833
-27.25
-23.25
-33.6667
-42
-47.5
-56
-54
-46.6667
-41.5833
-39.9167
-49.0833
-58
-65.0833
-72.9167
-64.25
-59.4167
-59.8333
-60.0833
-47.3333
-58.5833
-48.9167
-42.75
-59.3333
-58.5
-57.75
-57.0833
-56.1667
-60.9167
-61.3333
-60.6667
-58.6667
-54.1667
-54.8333
-52.9167
-49.5833
-46.75
-43.9167
-38.1667
-39.8333
-37.3333
-34.5
-35.3333
-39.75
-32.5833
-27
-23.25
-22.75
-25.6667
-24.4167
-26.0833
-31.5
-31.75
-31.4167
-30.5
-25.6667
-26.8333
-30.5833
-40.75
-42
-21.1667
-8.08333
0.833333
6.66667
-6.5
-15
-26.5
-38.5833
-44.1667
-48.75
-56.4167
-63.5
-56.9167
-49.3333
-46.4167
-45.0833
-45.0833
-42.3333
-40.1667
-39
-33.6667
-34.1667
-42.0833
-42.6667
-42.25
-40.3333
-41.3333
-42.1667
-46
-46.4167
-47.25
-50.8333
-52.4167
-51.4167
-43.9167
-38.25
-38.5
-48.4167
-44.6667
-41.5
-27.4167
-1.25
15.5833
37
60.3333
74.4167
90.25
149.75
241.583
282.5
286.417
288.417
281
269.25
228.917
184.25
177.917
180.083
152.25
124.417
105
81.8333
75
74.5
54.5
30.1667
-10.8333
-50.5
-34.9167
-9.75
-25.9167
-63.4167
-63.8333
-33.3333
-21.5
-29.25
-41.75
-60.25
-81.75
-98.8333
-96.8333
-82.9167
-80.5
-100
-114.583
-99.25
-81.75
-84.1667
-79.25
-67.5
-67.1667
-80.5833
-76.75
-43.5
-38.9167
-49.5833
-53.75
-59.1667
-65.5833
-58.9167
-51.25
-50.5833
-51.3333
-50.8333
-46.6667
-45.8333
-45.9167
-47.1667
-45.4167
-41.5
-38.5833
-42.1667
-44.25
-45.9167
-42.3333
-39.8333
-41.0833
-48
-56.6667
-50.5
-50.5833
-43.9167
-33.3333
-24.25
-23.1667
-19.5
-14.5833
-19.5
-21.6667
-22.5833
-25.5833
-23.1667
-18.25
-18.8333
-19.0833
-11.3333
-5.66667
-9.66667
-8.58333
-7.25
-6.5
-6
-7
-2.41667
-8.58333
-12.25
-8.08333
-2.08333
2.5
-0.916667
0.75
12.5
2.58333
3.33333
3.33333
3.25
3.16667
0.5
2.75
6.41667
10.5
12.25
11.8333
14.25
17.9167
15.25
19.5
26.0833
25.25
18.3333
15
7.25
-3.16667
8.58333
21.1667
31.5833
39.25
31.3333
27.5833
21.1667
11.0833
9.41667
9.33333
9.33333
14.1667
10.25
5.25
-5.66667
-7.75
2.58333
7.33333
8.91667
6.41667
-0.5
-6.16667
-14.75
-24
-17.5
-17.0833
-20.1667
-22
-21.25
-17.4167
-18.6667
-22.3333
-22.8333
-19.5833
-17.5833
-15.5
-14.4167
-17.1667
-26.4167
-29.75
-33.75
-36.1667
-42
-47.1667
-45.9167
-44.75
-44.75
-46.75
-56
-61
-60.1667
-60.1667
-34.5833
-16.6667
-0.916667
-2.41667
-30.0833
-50.9167
-19.5
29.6667
53
71.3333
100.833
121.167
144.667
183.417
221.25
232.333
245.083
243.25
170.417
81.6667
76.1667
97.1667
72.4167
35.8333
16.25
11
31.9167
47.5833
45.5833
58.6667
61.4167
44.75
57.8333
81.3333
62.6667
26
0.5
-8.25
8.66667
11.4167
-23.5833
-57.0833
-50.75
-36.3333
-47.25
-70.1667
-67.6667
-50.3333
-52.8333
-65.0833
-49.9167
-30.5
-37.9167
-43.1667
-39.5833
-29.25
-21.5
-25.5
-25.1667
-35.75
-36.5833
-38.6667
-41.75
-38.9167
-32.5833
-33
-35
-41.1667
-41.8333
-45.0833
-49.9167
-49.1667
-46.3333
-41
-36.9167
-31.6667
-31.25
-30
-24.5
-23.5833
-23.0833
-29
-35.3333
-29.4167
-26
-16.25
-3.16667
-0.75
-2.75
-2.41667
0
-4.5
-5.25
-4.83333
-6.91667
1.25
8.5
10.5
12.5833
15.4167
18.75
12.75
11.75
16.5833
20.3333
24
25.5833
37.75
33.6667
32.1667
38.1667
37.6667
39
32.25
30.1667
37.0833
39.5833
43.0833
43.25
38.25
34.0833
32.5
29.4167
21.5
15.0833
9.25
6.66667
22.4167
36.1667
46.0833
55.3333
44
41.5833
33.6667
21.5833
17.5833
15.9167
15.4167
16.9167
22.3333
23.0833
19.5
12.5
12.75
14.75
17.1667
15.5
3.75
-5.41667
-13.1667
-22.75
-24.4167
-26
-26.1667
-24.8333
-28.0833
-26.9167
-26.0833
-24.4167
-28.4167
-26.5
-18.9167
-12
-18.75
-24.9167
-25.75
-23.4167
-24.0833
-24
-31.6667
-30.5
-19.8333
-24.8333
-19.5833
-5.75
-16.75
-26.5833
-29.3333
-30.5833
-21.5
-16.5833
-9.41667
-4.91667
-20.75
-25.5833
-33.5
-43.75
-41.1667
-41.9167
-40.6667
-40.3333
-28.0833
-21.1667
-19.4167
-17.75
-11.25
-6.41667
-24.4167
-19.8333
-17.8333
-15.6667
-13.5833
-19
-20.6667
-21.0833
-20.3333
-26.0833
-29.8333
-30.9167
-31.0833
-36.25
-35.8333
-33.1667
-36.6667
-35.3333
-33.0833
-34.25
-39.0833
-36.1667
-32.5
-30.5
-31.5833
-37.8333
-38.25
-41.5
-48.5
-38.6667
-29.6667
-20.5833
-7.66667
-17.75
-28.75
-46.25
-54.75
-53.1667
-52.6667
-55.6667
-62.5833
-53
-46.75
-43.1667
-41.0833
-37.75
-38.9167
-43.4167
-47
-51.5833
-50.75
-54.9167
-61.3333
-58.0833
-52.1667
-47.25
-42.25
-47.25
-51.3333
-61.75
-66.25
-60.25
-55.6667
-54.4167
-52.8333
-46
-40.5
-35.6667
-33.6667
-42.6667
-44.75
-40.5833
-38.0833
-42.75
-55.75
-38.9167
-9.75
3.33333
3.58333
0
27.3333
70.75
100.667
140.75
205.667
256.25
263.833
266
253.417
211.917
179.833
161.5
138.75
121.583
111
88.5833
61.75
50.5833
46
32.5
43.5833
63.3333
20.25
-36.3333
-34.25
-17.75
-19.5833
-17.8333
-23
-40.25
-40.6667
-49.1667
-68.25
-74
-64.25
-63
-78.5
-100
-114.583
-117.917
-104.25
-86.4167
-98.5833
-117.5
-124.083
-118.25
-97.5833
-83.3333
-82.8333
-83.4167
-77.5
-70.6667
-68.25
-63.4167
-59.75
-57.1667
-63.5
-61.9167
-66.6667
-74.0833
-63.75
-56.5
-51.4167
-48.3333
-50.75
-52.1667
-51.25
-51.6667
-50.75
-50.75
-50
-44.8333
-34.9167
-29.6667
-30
-32.0833
-38.1667
-44
-42.6667
-38.0833
-28.5
-27.1667
-23.6667
-18.6667
-26.5
-29
-30.1667
-34.75
-27.25
-18.3333
-14.6667
-11.8333
-11.3333
-9
-16.1667
-18.25
-13.4167
-11.3333
-9.33333
-9.5
-7.83333
-17.4167
-24.8333
-24.5
-22.4167
-22
-29.1667
-31.6667
-33.25
-34.4167
-34.5833
-38.25
-33
-30
-24.9167
-21.1667
-25.0833
-29.5833
-33.25
-33.25
-31.3333
-28.9167
-30.5833
-32.5
-35.3333
-30.1667
-30.0833
-35.25
-41.1667
-40.3333
-38.25
-35
-8.08333
-6
-29.6667
-43.9167
-44.75
-43.9167
-43.0833
-42.25
-43.25
-40.3333
-35.6667
-30.8333
-37.0833
-40.25
-41.0833
-40.5833
-52.1667
-56.0833
-57.1667
-65.75
-63.4167
-60.5
-61.3333
-65.8333
-74.9167
-78
-83.1667
-91.8333
-93.1667
-91.0833
-91.4167
-96.3333
-110.667
-119.167
-127.25
-131.417
-115
-105.25
-101.5
-89.0833
-89.3333
-91.8333
-97.6667
-107.25
-105.25
-102.833
-103.333
-105.417
-107.083
-108.917
-114.583
-119.667
-120.833
-118.333
-120.833
-124.833
-124.5
-122.083
-120.75
-119.5
-120.833
-125.083
-136.333
-141.083
-128.917
-120.75
-116.833
-111.417
-116.25
-115.417
-115.833
-118.333
-115.083
-110.667
-100
-91.0833
-142
-135.417
-103.417
-91
-98.4167
-110.333
-111.5
-78.4167
-15.5833
45
56.3333
49.5
81.3333
139.583
195.167
234.583
256.5
265.083
241.25
175.25
109.25
91.5833
101.667
82.9167
32.4167
-32.1667
-67.3333
-65.5833
-66.75
-76.5833
-87.4167
-118
-148.75
-145.5
-129.333
-117.167
-120.75
-138.167
-149.25
-135.083
-131.75
-154.417
-158.083
-156.5
-183.917
-200.833
-197.667
-180.417
-166.75
-176.5
-193.167
-190.583
-162.333
-135.833
-138.667
-158.583
-177
-145.167
-109.917
-123.833
-128.667
-135.083
-142.833
-133.417
-124.5
-122.167
-121.917
-126.083
-125.833
-127.833
-131.333
-129.833
-129.333
-126.5
-125
-127.75
-131.333
-134.667
-133.5
-123.667
-118.5
-118.833
-120.75
-125.25
-128.5
-124.833
-117.917
-108.25
-108.583
-106.5
-102.583
-97.5
-93.0833
-87.5
-84.3333
-95.5833
-100.417
-110.583
-121.583
-111.417
-103.167
-104.917
-101.167
-90.75
-85.3333
-80.6667
-76.9167
-70.4167
-73.6667
-74.4167
-67.5
-54.8333
-47.9167
-49.1667
-44.6667
-44.25
-45.0833
-44.6667
-48
-33
-23.4167
-11.75
-1.5
-3.25
-7
-9.33333
-8.91667
-4.91667
-2.08333
-3.25
-4.91667
-6
0.0833333
0.833333
-2.75
-14.25
-15.1667
-14.5833
-13.0833
-7.25
-3.66667
-4.16667
-8.5
-10.1667
-8.91667
-7.83333
-9.83333
-17.4167
-23.1667
-27.8333
-34.0833
-41.5
-47.9167
-52.8333
-56.5
-55.75
-55.4167
-54.9167
-53.5
-64.5833
-70.25
-69.9167
-70.3333
-64.6667
-63.9167
-57.4167
-48.5
-56.75
-64.5
-79.6667
-85.8333
-69.9167
-67.0833
-54.0833
-32.6667
-52.4167
-70.3333
-81.3333
-91.5
-79.3333
-70.3333
-59.4167
-50.4167
-60.5833
-60.6667
-62.5833
-68.4167
-61.4167
-58.9167
-54.5
-50.9167
-46.3333
-44
-46.75
-49.6667
-46.8333
-47.8333
-48.6667
-48.4167
-37.5
-31.4167
-17.0833
-2.33333
-3.25
-8.83333
-12
-15.4167
-18.8333
-21.3333
-20.0833
-17.0833
-13.9167
-9.41667
-9.33333
-6.41667
-2.33333
-8.41667
-8.83333
-6.5
-11.5
-11.75
-10.3333
-12.25
-17.9167
-19.8333
-18.5
-19.0833
-22.9167
-19.5
-16.3333
-15.5
-19.3333
-29.25
-33.75
-38.0833
-37.75
-36.5833
-41
-52.0833
-53.25
-45.5833
-42.3333
-42.4167
-46.3333
-41.8333
-39.4167
-39.4167
-41.0833
-48
-53
-61.3333
-69.1667
-72.4167
-69.6667
-71.5
-75.1667
-72.6667
-67.4167
-63.5
-59.3333
-57.4167
-60.0833
-69.5
-72.75
-58.9167
-51.75
-47.5833
-43.1667
-45.1667
-43.1667
-41.5
-42.6667
-41.4167
-38.3333
-29.25
-21.9167
-29.75
-34.5833
-28.5
13.75
68.4167
63.8333
39.9167
76.8333
142.25
189.25
211.5
237.5
266.833
275.417
257.75
222.25
191.417
200
218.333
197.25
142.833
109.333
114.75
112.25
109
147
178.167
124.083
52.0833
57
76.9167
68.4167
52.9167
27.5833
3.25
-7.16667
-18.1667
-15.4167
10.0833
8.91667
-21.9167
-56.9167
-76.9167
-64.6667
-43.25
-47.1667
-56.0833
-59.3333
-72.25
-78.8333
-58.9167
-50.0833
-63.1667
-57.0833
-44.3333
-42.1667
-21.5833
-4.5
-19.5
-27.75
-28.5833
-31
-34.5
-31.3333
-25.1667
-25.75
-28.5833
-19.0833
-12.4167
-8.58333
-6.08333
-11
-10.5
-7.75
-6.16667
-15.3333
-22.25
-28.5833
-30.25
-16.5
-9.33333
-8.08333
-8.58333
-11.4167
-14.6667
-11.3333
-4.75
4.08333
6.16667
10.5833
17.1667
14.25
15.0833
17.1667
15.6667
3.75
-2.08333
-12.8333
-24
-16.3333
-8.91667
-11
-7.83333
1.91667
6.5
11.0833
13.5
18.25
11.8333
6.91667
10.5
21.6667
26.8333
24.5833
27.0833
25.9167
24.6667
24.75
21.1667
19.9167
16.9167
16.8333
14.6667
20
19
19.0833
22.6667
17.1667
13.4167
5.33333
-3.08333
9.25
23.5833
33
36.9167
31.8333
30.5833
30.9167
32.5
34.5833
35.4167
31.5
23.75
26.75
28.3333
29.9167
27.75
24.25
23.1667
22.8333
21.1667
15.8333
8.75
4.5
0.416667
6.5
11.3333
15.75
21.9167
2.08333
-9.41667
-14.5
-20.6667
-22.25
-24.8333
-21.5
-15.9167
-20.4167
-40.5833
-30.0833
-24.3333
-19.5833
-13.9167
-19.1667
-19.8333
-19.25
-17.9167
-26.0833
-33
-37
-39.75
-32.25
-25.25
-15.4167
-12.8333
-19
-19.8333
-24.5
-32.4167
-29.75
-25.1667
-22.75
-23.6667
-27.6667
-26
-26.8333
-32.0833
-28.1667
-25.6667
-22.8333
-15.75
-21.1667
-25.5
-36.3333
-37.75
-30.5
-26.0833
-25.4167
-28.4167
-32.25
-33.0833
-36.3333
-41.0833
-24.75
-14.6667
-8.08333
-0.75
-2.08333
1.33333
-0.416667
-3.75
-7.25
-4.75
-3.16667
-2.33333
2.41667
0
-9
-11.6667
-9
-7.66667
-10.5833
-12.1667
-8
-3.91667
-0.416667
0.416667
-5.5
-7.58333
-3.66667
-0.833333
-8.66667
17.5
43.9167
45.5
29.3333
46.5833
87
106.167
116.333
138.667
177.167
240
294.333
311.083
305.833
276.917
230.583
205
202.083
200.417
208.583
198.083
145.583
100.75
86.1667
93.1667
113.083
110.167
55.3333
1.58333
15
58.5833
54.4167
23.6667
17.9167
26.75
38.75
34.9167
6.25
-20.25
-49.5833
-78
-62.25
-37
-49.6667
-57.75
-43
-37.5833
-55.4167
-63.5
-43.5833
-37.75
-37.0833
-27.75
-21.6667
-18.6667
-7.66667
0.25
-7.91667
-13.4167
-14.5833
-17
-20.5833
-19.5
-14.5
-16.5833
-21
-9.08333
1.08333
8
14.25
5.58333
3.16667
2.83333
1.16667
5.33333
7
8.91667
15.5
23
27.3333
26
23.1667
27.6667
26.8333
32.6667
42.3333
47.5833
46
47.1667
49.6667
51.0833
54.0833
58.75
59.9167
69.25
80.0833
85.75
91.5
86.75
83.9167
71.1667
64.6667
66.5
68.5
70
70.5
81.4167
78.5
77.9167
85.25
85.75
86.1667
78.9167
76.5833
80.8333
83.1667
86.5833
87
85.25
83.5833
84.5833
83.8333
82.9167
79.25
76.5
77.4167
79.3333
82.5833
81.5
79.6667
72.8333
74.0833
70
61.5
57.75
58.25
60.25
63.4167
69.5833
71.25
68.25
62.25
60.25
58.5833
57.3333
52.0833
44.6667
38.5833
33.75
26.8333
22.75
17.0833
13.75
10.8333
5.66667
5.58333
5.16667
5.66667
4.5
6.83333
15.4167
23.0833
11.5
0.5
-4.91667
-7.83333
0.833333
7.66667
7
15
7.25
-6.75
-10.9167
-6.41667
-17.9167
-25.75
-26.1667
-25.6667
-24.0833
-23.25
-19.9167
-19.6667
-27.1667
-26.3333
-27.6667
-32.5833
-32.4167
-41.9167
-39.75
-30.9167
-25.25
-19.5833
-14
-18.75
-18.3333
-16.6667
-13.8333
-24.3333
-31.1667
-35.6667
-38.1667
-34.25
-27.6667
-18.3333
-16.3333
-9.33333
-2
0.833333
0.916667
-1.08333
0.916667
0.833333
-2.41667
-4.83333
-3.08333
-3.83333
-9.25
-6.5
-2.16667
2.83333
11.8333
20
20.75
15.1667
19.0833
17.0833
16.3333
11.3333
3.16667
13
19.9167
24.25
27.1667
21.8333
19.5
13.8333
9
14.5833
20.8333
22.0833
21.6667
10.4167
10.4167
9.25
8
12.5833
12.25
4.41667
3.58333
6
6.08333
2.75
-0.0833333
-0.333333
1.66667
3.08333
2
-7.33333
-12.1667
-11.0833
-11.25
8.58333
27.3333
28.5
39.0833
60.1667
73.5833
104.167
154.917
186.25
192.333
222.917
266.75
283.167
275.417
262.083
245.25
214.333
191.833
199.75
197.333
152.417
119.333
130.167
152.083
153.75
146.083
146.417
145.25
111.583
60.25
44.3333
70.6667
87.0833
64.9167
41.5
35.75
26.4167
16.3333
23.9167
23.5
-9.66667
-44.75
-56.4167
-51.6667
-35.75
-51.1667
-74.8333
-43.25
-10.5833
-35.75
-56.5
-34.6667
-36.25
-65.0833
-48.4167
-13.8333
-19.1667
-29.75
-30
-25.75
-17.8333
-11.25
-6.08333
-17.4167
-21.0833
-31.75
-44.6667
-31.3333
-19.9167
-10.9167
-3.58333
-4.91667
-3.25
0.916667
3.66667
-2
-8.41667
-14.25
-15.4167
0.75
10.0833
13.75
15.8333
13.8333
12.0833
16.9167
25.3333
23.1667
20.75
20.75
22.75
22.75
25.75
29.75
30.3333
39.4167
48.5
52.5
55.6667
55.1667
58.4167
52
50.75
53.0833
55.25
57.4167
57.3333
62.6667
55
49.6667
52.1667
55.3333
57
50.3333
49.4167
57.6667
61.5
66.4167
67.5
70.75
71.6667
74.4167
75.5
64.6667
55
45.9167
40.75
40.6667
41.8333
38.9167
35.75
30.5
34.9167
34.25
28.8333
29.8333
35.3333
42.3333
50.4167
56.0833
59.9167
59.3333
54.9167
54.9167
54.5
54.5
50.5
47.6667
44.3333
41.8333
37.5833
38.5833
35.8333
35.5
35.4167
40.5833
44.6667
48.75
53.5
39.9167
32.9167
32
30.5833
35
22.4167
25.6667
37.9167
